REACT_APP_API_KEY=8f406cf2239e8d2a0c185a1fd1fbd9ff
ROME_LAT=41.9102415
ROME_LONG=12.3959125